0.990847
0.981017
0.972373
0.963898
0.954068
0.944915
0.935593
0.927627
0.920169
0.913051
0.904407
0.895763
0.888136
0.878644
0.870847
0.861186
0.851356
0.842542
0.838136
0.829831
0.821186
0.813559
0.803559
0.797627
0.791017
0.783729
0.773220
0.768983
0.758814
0.751186
0.741186
0.735085
0.727288
0.721186
0.714237
0.706441
0.698136
0.691356
0.684576
0.679322
0.673729
0.666780
0.661017
0.653559
0.646102
0.639492
0.631017
0.622373
0.618475
0.612542
0.608136
0.600847
0.597458
0.590508
0.584746
0.579661
0.576780
0.572881
0.567966
0.561356
0.552542
0.548983
0.541695
0.536271
0.532203
0.526610
0.521864
0.516102
0.510678
0.508475
0.503390
0.499153
0.494576
0.491356
0.484576
0.479831
0.474746
0.475085
0.471864
0.467797
0.462712
0.459492
0.454746
0.453390
0.447627
0.444746
0.442712
0.439492
0.436610
0.432034
0.428475
0.425254
0.421525
0.418644
0.413559
0.408983
0.403220
0.400847
0.400169
0.397288
0.393559
0.388983
0.389831
0.385932
0.383220
0.381695
0.380847
0.377119
0.375763
0.373051
0.371017
0.365763
0.364407
0.362881
0.359153
0.357966
0.355085
0.354068
0.355085
0.351017
0.347966
0.341525
0.338814
0.338814
0.336949
0.333220
0.329661
0.327797
0.324237
0.321695
0.319492
0.315085
0.312712
0.309661
0.305593
0.305085
0.301186
0.301017
0.299831
0.296441
0.293898
0.293729
0.291525
0.287966
0.285424
0.285254
0.283898
0.281186
0.276780
0.274068
0.273559
0.268475
0.267797
0.264407
0.263559
0.261864
0.256610
0.254915
0.254237
0.253559
0.250508
0.248136
0.246441
0.244746
0.243898
0.237966
0.238644
0.235085
0.237119
0.234237
0.234915
0.234407
0.233390
0.230508
0.228305
0.226441
0.226441
0.224237
0.221017
0.218983
0.216102
0.216780
0.214407
0.211695
0.210169
0.208814
0.204746
0.200169
0.199492
0.197627
0.195424
0.194746
0.193729
0.193051
0.190339
0.189492
0.185593
0.185424
0.184407
0.182712
0.182373
0.179661
0.179322
0.176271
0.173898
0.172712
0.171186
0.170000
0.168983
0.167627
0.167627
0.165254
0.164576
0.162034
0.159492
0.156441
0.154746
0.153559
0.151695
0.149661
0.149492
0.147966
0.149492
0.149322
0.147966
0.145254
0.142542
0.141864
0.140169
0.137966
0.136949
0.135424
0.135254
0.134237
0.133220
0.133220
0.131525
0.131864
0.130847
0.129153
0.127797
0.125593
0.126102
0.123220
0.123390
0.121864
0.119831
0.119661
0.119153
0.118983
0.117627
0.116271
0.117458
0.115763
0.114237
0.113390
0.111186
0.111017
0.109661
0.109492
0.109153
0.108475
0.108136
0.107966
0.107288
0.106949
0.106780
0.107458
0.106441
0.104915
0.105593
0.105085
0.104237
0.103559
0.103390
0.103220
0.103220
0.103220
0.103220
0.103220
0.102712
0.102542
0.101864
0.101525
0.101525
0.101356
0.100169
0.099661
0.099831
0.099492
0.099661
0.099322
0.099322
0.099322
0.098814
0.098136
0.098305
0.098305
0.097966
0.097966
0.097119
0.096780
0.096610
0.096610
0.096610
0.096949
0.096102
0.096271
0.096102
0.095593
0.095593
0.095763
0.095593
0.095424
0.095085
0.094915
0.094746
0.094576
0.094407
0.094407
0.094407
0.094237
0.094237
0.094068
0.094407
0.094915
0.094576
0.094576
0.094746
0.094915
0.094407
0.094237
0.094407
0.094068
0.094407
0.094237
0.094237
0.093390
0.093390
0.093390
0.093220
0.093051
0.092881
0.092881
0.092712
0.092542
0.092542
0.092542
0.092712
0.092881
0.093390
0.093729
0.094237
0.094915
0.095424
0.095424
0.095593
0.095593
0.095593
0.095424
0.095254
0.095254
0.095254
0.095085
0.095085
0.095085
0.095424
0.095254
0.095254
0.095254
0.095254
0.095254
0.095254
0.095254
0.095085
0.094915
0.094915
0.094746
0.094746
0.094576
0.094407
0.094407
0.094407
0.094407
0.094407
0.094407
0.094407
0.094407
0.094576
0.094407
0.094237
0.094068
0.094068
0.094237
0.094068
0.094237
0.094237
0.094237
0.094068
0.094068
0.094068
0.093898
0.093559
0.093559
0.093559
0.093559
0.093220
0.093220
0.093220
0.093220
0.093390
0.093559
0.093220
0.093220
0.093220
0.093220
0.093051
0.093220
0.093220
0.093220
0.093220
0.093051
0.093051
0.092881
0.092712
0.092712
0.092542
0.092203
0.092203
0.092203
0.092203
0.092034
0.092203
0.091864
0.091864
0.092203
0.092203
0.092034
0.092034
0.092034
0.091864
0.091695
0.091695
0.091525
0.091186
0.091186
0.091186
0.091017
0.091017
0.090847
0.090847
0.090678
0.090678
0.091017
0.091017
0.090847
0.090847
0.090678
0.090508
0.090847
0.090508
0.090508
0.090339
0.090339
0.090169
0.089831
0.089492
0.089492
0.089492
0.089322
0.088983
0.089492
0.089492
0.089831
0.089492
0.089492
0.089322
0.089322
0.089153
0.088983
0.088814
0.088814
0.088644
0.088644
0.088644
0.088644
0.088644
0.088475
0.088136
0.087966
0.087966
0.088136
0.088136
0.087966
0.087966
0.088136
0.088305
0.088305
0.087966
