43574
876812
13094
6071
43676
41710
37811
620981
16401
47348
47097
21043
9767
251685
4302
47830
3374
29480
24432
365009
5573
48360
47276
17280
26477
437848
44238
13858
33988
43428
11034
575197
24704
25266
34044
11169
41349
656085
27924
2322
189
33122
38037
77742
31847
30544
2003
45940
13138
763979
11865
11479
12524
40263
16636
511272
42533
5453
49944
1049
37251
887577
2792
16600
10920
7778
13060
724013
16644
16498
42563
32365
43752
684733
9788
2277
34747
47015
42748
640398
48331
785
4115
43425
12416
397665
5603
41115
9182
3400
2436
641402
42697
35561
21565
6044
8308
322900
34014
1449
39964
5541
38232
751949
28742
29965
24364
48942
29499
716873
35754
13684
7043
33476
937
316218
42220
33326
15287
16119
27807
238661
28731
9893
22261
25886
3939
453200
18219
43749
7252
24047
38003
155091
38654
25703
9722
34416
39312
160040
9571
29427
17437
12694
49245
469011
35534
4659
37183
25549
29878
131136
33753
24969
47687
17609
26104
491525
1963
20457
24954
45947
30688
846958
39739
15004
16321
10293
23599
309202
24125
7960
15167
5357
26131
516837
42313
40564
15686
17858
12039
379867
6615
38679
26329
1419
25329
327119
36724
36794
20038
37371
19669
420091
47308
28576
21849
35738
7
355314
37683
45029
33278
41156
17141
48050
47611
18669
43190
7033
3330
875932
47291
27100
45578
23916
17850
644144
26018
2739
25574
5236
29439
333084
20494
3229
38032
19044
16519
200129
2442
37998
29302
15340
23181
55136
16053
49593
42000
30609
24791
556657
10760
30833
16867
47025
8260
368543
5773
10318
27134
4689
13309
610268
14447
33558
38182
47923
513
119746
4109
31924
39624
2961
29961
46575
42107
14397
40466
34184
48432
408266
49930
26180
13353
24127
5919
70234
7124
26588
30183
33104
12952
810221
11793
5711
37250
43774
47889
334295
49009
20511
46725
38488
1213
699561
44154
49208
544
26453
35089
612856
15201
18659
40983
3064
29448
114449
29233
49442
15371
41781
41226
412496
46750
23558
16837
41095
20377
303801
13282
21057
37006
18614
2764
573810
38849
5665
48729
12300
49244
324188
33123
39612
20888
25479
13339
265468
23294
10695
10717
8396
35446
58747
128
10764
8916
6091
44257
95806
27201
4198
14709
44000
3494
583987
1983
44629
23105
34365
33136
395539
4241
15648
16591
21208
39298
155445
28745
44988
12560
19202
25236
50768
28916
41988
1094
23879
45511
723620
37942
20184
8517
30781
20690
846263
15608
23501
7446
21176
5752
413715
7727
43700
32993
13333
16397
142421
27142
16471
23191
12446
35492
819718
34404
2775
1019
46135
21525
598576
26203
49684
34196
33101
25131
273197
42338
20042
5396
12810
15273
639273
1375
7259
28685
9357
10987
443733
2424
13039
3298
8760
48038
635480
46155
7568
24303
942
48313
291896
17406
14634
31971
2289
35136
704548
22634
10766
38713
21346
10462
690218
16906
2754
36291
27125
9945
626563
8679
34865
23661
23430
1653
659373
46967
43671
5965
49975
29784
268428
38562
34747
47952
30081
46742
41127
8781
48682
33053
4493
673
398393
48361
13706
17876
18630
34582
233806
49851
16860
12740
43241
38513
744509
23801
45779
44355
3925
38850
148196
38403
42934
41135
38397
43680
614620
25372
17700
32252
48570
42552
316292
14048
38144
47873
42277
4545
103748
40236
21045
6748
41488
11054
294297
27981
6437
9581
16951
18818
756011
38265
36728
15277
40762
25596
144988
164
49085
23838
37826
46782
702834
33973
42787
25092
43898
11821
528667
39895
32617
10791
3118
16472
498195
41390
12404
39944
22928
41287
744387
31144
19681
7090
24225
42581
107872
37819
30346
36627
31390
32160
463053
37722
49281
24760
43747
9324
823974
19636
46325
24683
6504
13411
717911
8880
48191
21615
3650
48890
886898
27370
32899
15636
48476
42647
522607
3017
13305
2837
11155
21030
370969
6573
524
24733
45608
20130
364854
35918
2084
32611
22949
25161
822597
16651
30812
10276
21603
36873
858117
45957
30362
36422
24874
44489
733074
34372
45006
29687
16808
40292
536332
32379
43355
19375
11175
26564
138732
572
16242
44734
23793
29565
393562
32328
31076
31228
30635
12733
583558
2151
22906
31422
19407
28910
769404
219
31223
505
35191
14810
525972
27776
42880
36579
9922
26743
634612
1032
15636
44707
39907
38239
598888
45645
28890
22423
3813
1294
339875
11972
26275
10736
31574
11240
229381
41058
5532
8753
48030
19496
187738
7433
20906
34196
4733
13852
822115
7479
35185
29717
45078
40345
471369
13985
32206
44473
38130
22065
555722
14600
42276
2242
22530
1536
122139
7665
24632
20633
34522
41980
56794
29315
35415
48993
8218
24887
427535
25824
24988
3685
27377
30347
341379
18466
49629
35436
8675
46098
186335
22829
27542
11937
47714
48974
568856
32958
31839
37813
25695
44183
854029
43938
43847
30776
48314
49299
329983
48107
26894
35614
11419
32045
602631
28299
22598
27246
23076
7295
772843
46864
6233
113
35172
35047
827082
581
11877
49448
8768
15770
192147
21101
38559
27705
767
33047
828600
29273
32993
46820
8308
18148
36377
17490
36639
15620
17005
48046
797131
4797
41669
13802
15637
37945
654051
6146
10612
36347
8460
29565
673878
23003
39506
18199
10119
48626
253677
5596
21111
31923
16235
48808
595683
29106
30557
34292
48680
4557
331964
5058
34293
26631
14224
22096
90230
12545
40566
31905
22409
3617
535268
27395
5780
18560
41692
11943
274232
48947
43369
29809
37897
21447
354007
28498
13782
22080
10594
7528
743392
32445
19487
18785
43723
33843
323678
21398
21080
45314
24631
12538
834023
36304
233
13751
28948
46194
875173
194
35754
27941
12036
20913
196158
13613
14362
12566
7406
5734
847628
24966
12031
24180
36135
29386
50544
9434
47903
1515
14533
35897
818963
43261
38382
45837
30878
6986
136123
36276
376
13633
24127
37359
807822
24023
24497
30799
21439
48893
723107
1540
17398
46490
49360
43125
81828
25706
27086
25910
17233
19068
568170
47549
193
10573
5858
9640
551611
29197
3813
41979
15781
27798
177318
19818
2031
31920
46682
23927
617333
17584
37121
12909
37909
46042
359990
47103
37411
5064
17629
26262
95729
15793
2433
30860
15733
4364
794876
14942
24060
19563
44818
37191
815843
33135
24018
4938
3005
10737
294997
9242
25449
10769
7119
43644
811411
10841
2933
17655
40198
16326
530421
37902
15141
42828
13759
11739
771817
39704
10295
47471
34713
9159
648900
44605
14683
25624
5160
29991
680830
43034
22125
21090
16935
16316
236203
39147
25085
26261
35625
21829
639538
17637
26703
28835
41295
44513
660741
13396
31169
26720
28712
3632
864429
32618
14285
33022
19907
2257
442715
33667
49188
6038
15263
4776
95065
28855
4713
2582
33087
28318
183265
46377
4353
29637
23863
1791
352792
19924
47765
13926
713
32551
748569
16781
34984
14987
4282
35820
468969
30148
35634
2623
30180
36510
161488
21390
49423
30829
21898
3945
455963
8279
21298
37032
31966
26192
452075
10286
15141
11140
45277
8968
474103
25772
16832
31803
576
42511
316796
9378
38573
5010
19014
26443
304484
41217
10727
44614
19631
20113
721120
46328
22285
38488
19922
15716
203986
37584
18905
17235
25378
16442
866810
36330
31465
35360
22904
41643
653278
33082
32161
25289
24189
9437
80537
21941
10789
40801
14438
21424
699677
16751
29193
34503
1932
40178
620349
32695
45789
37305
1967
6258
771398
18064
1588
42485
19103
26301
692608
41348
10663
37114
33937
8748
569678
39931
42133
46198
18925
15611
165155
18943
39622
27118
34508
42319
118701
18348
4347
39144
16774
23126
648990
35482
6215
46816
11565
48318
56006
46730
41215
28151
14605
36476
861630
42598
37830
48357
17205
25314
740318
4035
13558
40847
13553
12814
825884
37611
41989
46165
39223
9573
600618
31661
45059
31611
49129
267
837660
29232
25187
5969
33851
1187
557097
7722
10573
24456
40932
6232
745745
14480
1065
19827
45175
45293
295471
11526
2682
47646
4582
114
539972
36500
36871
22785
10796
49779
252451
12664
7198
12644
7180
19572
347944
13729
11501
47487
21481
20750
625407
5086
34334
32210
2110
4358
684746
29410
22945
41912
16417
33199
203833
2758
38063
21437
42103
38230
315543
20141
27411
12541
29193
29459
185303
5662
7856
8387
26711
10420
568255
47153
2454
30482
30355
48048
634388
6750
349
38488
17
5553
725321
16832
9718
30797
23462
44409
556469
47428
25128
43142
15921
37294
157393
11838
9485
15330
26352
48174
649829
26777
36787
14493
25267
41582
659829
35457
36784
20946
28243
24859
170220
2023
25460
7980
21255
13582
208663
23664
17817
22111
698
2046
443677
22404
46196
8327
47926
29432
97083
29073
10794
43063
46152
3187
300741
29631
41241
10740
17894
6946
510831
7946
14499
852
38933
30372
716136
21881
29232
42860
32167
7601
839519
4026
20261
14370
48480
11845
54583
43030
47755
31098
14133
35482
451901
39203
15768
22701
35336
13805
529398
47743
23785
16961
40573
24683
616832
28864
46305
14121
40672
10368
39161
37665
46309
30032
36013
47726
62474
38720
25154
35705
25728
28430
818838
28201
20561
17884
44518
43543
739512
19358
25323
3509
19386
26682
459947
10532
25281
13914
16069
32296
194305
43181
21876
39679
9807
42703
446353
4872
12517
11746
28976
21937
824636
970
9790
35035
14924
15044
593927
23242
27605
45418
32599
5309
220632
957
26291
35197
9815
7919
443384
25656
5190
45321
40470
9207
182377
25802
26767
40876
38138
23472
574624
16035
9037
7227
2885
4331
786603
10185
32948
11786
42670
12017
557015
47704
47827
49163
3559
6345
728882
7890
15155
17303
37301
9207
259282
32083
31431
29283
9848
46038
572094
27705
46783
33688
32091
28016
116998
32876
11466
31750
23427
8587
632376
17689
35580
41940
44676
8308
30218
9974
38834
28323
27691
39232
294650
48205
32499
14356
8122
756
242718
45231
46070
39140
41838
4726
294317
25670
37783
22058
46738
45704
193760
18336
11935
977
11941
35873
308757
18128
18198
18196
45065
27955
570592
8829
5903
28840
3568
14852
360000
25239
24256
9472
45485
1825
177160
32488
44524
40521
14029
8129
210701
5201
41663
41463
21380
15509
108930
21505
27252
25449
20473
42858
370880
21328
42298
35440
17747
13569
108319
24542
10121
45900
31331
43008
830896
36650
35664
5459
38721
5257
684843
38651
9594
17995
107
42117
531912
22432
663
37249
41675
32882
384731
10296
36293
35984
18454
2287
509173
33596
44004
25875
33032
48546
581429
42262
36155
24250
26458
16467
737239
20706
28470
45302
19562
37734
231233
34299
13384
1869
47713
28918
104143
24256
22584
9403
34189
40943
695658
45487
2384
34156
47564
25197
135473
12051
10899
32488
31116
21600
155609
9326
18844
32714
8344
7083
848524
25457
1882
25292
46863
30846
770065
11431
41125
33881
45821
47483
159095
36959
37743
37503
34263
43758
806825
45001
16892
14093
20242
13946
708586
20494
16183
4604
8308
15511
117693
31981
27808
18275
44382
42404
576321
30198
2848
17938
8048
17037
478426
4787
7635
42464
903
38848
806720
31678
10068
2100
43171
10102
542404
15
5935
15714
39909
28235
503017
40263
27414
15795
30622
2689
739701
7436
33677
29349
25135
44465
363532
32654
24703
37299
33638
26696
873039
40153
28297
25902
2646
23972
367986
13250
41312
496
28333
36314
199362
48916
43812
41012
220
14631
250431
34853
19009
25246
12772
10910
834705
31447
7843
36969
13435
6448
253352
12614
43012
15299
4047
45986
463213
47732
24413
31769
34550
34362
798498
43261
40064
15096
17696
12314
65677
20899
35605
41220
28309
22644
721801
14785
44411
16050
21721
47104
50025
34524
22602
49247
47952
1202
814629
21248
34700
21778
1634
21434
832896
42634
14108
28721
16635
31535
746410
1868
41615
1023
28866
41473
460667
47911
43598
15039
4244
26346
265245
39494
18960
22377
25125
4337
424583
935
38185
5384
13326
631
185156
7923
36535
43357
678
49854
857252
14515
19430
248
42874
31911
275112
14790
1843
32748
8083
25449
40875
39418
27507
27495
21221
8860
162104
47172
18861
31507
27590
26022
220933
13569
23581
27373
38565
49764
540627
13933
21321
24485
47235
17398
79297
40623
10002
27986
46971
2801
221231
38845
47436
15355
40162
22249
316828
33908
15819
39530
24956
30400
761596
31102
15886
43333
48751
32940
852929
42371
35363
13203
10433
14823
694957
13368
42152
2248
14459
9649
717836
29754
28547
14438
2614
15929
431727
12503
25863
34649
31172
22425
798167
14131
42518
29064
3025
14969
724443
293
20221
16872
44231
4016
612271
32847
30754
6437
40001
5392
531930
14405
27591
10492
41367
36264
117624
21167
25556
43271
4120
37955
607099
32305
33481
39858
34526
16132
210157
38632
44779
21485
22427
28352
734840
1933
809
41532
20553
44560
434015
14628
32798
42729
7877
26506
764375
20343
46328
27668
5781
21408
121045
44324
41415
12210
45383
23407
559343
19075
9438
12856
31589
22890
187913
39272
38089
6571
49705
21736
330820
14307
44780
6704
3431
12273
729952
10311
36675
39448
38652
28800
362211
16894
26843
35835
41
6863
212641
7293
6858
21231
18832
10873
178489
48405
18378
12451
32019
34999
482451
46090
22927
35605
44988
1228
229720
23577
44531
30093
17502
10280
343172
30252
17751
38079
33944
19585
856173
15107
45143
12908
15459
34353
254689
9718
44689
27909
36346
10801
461745
16818
22106
9704
31159
49911
655785
1598
42581
18092
6959
11329
127006
24338
21124
34414
21700
2987
556752
48345
46171
3478
12350
45338
628952
12123
738
17485
46018
29323
562813
1425
32684
47404
35462
684
815009
7699
36822
9428
49290
14411
648258
27930
27161
39710
41386
11130
779486
10156
7719
11416
24300
31513
323097
7090
39730
32560
49655
39741
771757
18314
33198
10339
22621
30834
91461
30174
11024
17848
2424
21520
446326
11577
18657
28406
39940
3290
389073
36459
10881
30308
21080
43803
63227
2198
49511
24852
11991
38454
505797
4892
21743
32653
41383
25315
174524
27686
17582
37168
49506
22743
396344
17076
26661
38985
27462
37246
801108
25014
40074
44917
14253
34390
387461
31391
22250
12334
21333
13069
720637
3854
27294
40451
4611
18537
134845
11154
24686
39365
45838
43288
509039
25549
5317
32398
12521
39629
804350
36270
12966
36220
13641
14195
395527
27360
4237
9359
32248
16949
551929
3578
45332
16311
697
30653
607698
16044
10791
42030
38763
11065
147820
45835
30674
12486
11032
24945
603647
10429
31711
18844
34547
43378
727261
24418
41903
5271
16874
9548
816495
15983
615
46788
568
14337
515521
5194
41472
40788
1785
16116
587583
37353
47865
13887
38041
25359
536395
33645
35809
14052
21281
30615
733941
20017
18545
686
27195
588
884814
18176
28709
38763
15221
32225
421481
18403
33053
38141
21526
4139
240896
8891
33113
28582
25755
20350
85411
2401
23409
15712
12192
14150
513704
2529
27025
46642
27921
7883
763821
3217
461
16767
27459
16966
339768
10717
20853
26518
19968
11963
836613
4574
4825
14854
32488
2474
562850
38778
41366
8393
48164
24699
507990
23847
30406
10264
47750
18380
616464
34861
27395
23039
31533
9008
421241
30124
1281
37050
2630
44663
431849
42698
6461
40255
22916
47814
455352
1938
30031
49285
15922
14956
796281
21885
5843
34518
17798
12433
671424
28467
5260
47067
12366
36934
289400
14594
48182
2605
5301
33075
431371
30409
42493
1530
63910
110202
31969
226708
275415
200548
253030
231612
130826
145248
167755
145549
68755
91785
102439
124866
109209
187732
211596
87659
44931
117296
22843
190731
105461
85101
88170
84819
62659
65679
100390
106180
171525
75289
150710
151489
146462
50934
258965
85009
181444
133943
137024
73281
84133
126805
73147
116618
96281
119986
224094
207036
132076
98325
282747
42441
128564
152526
187876
143235
94608
97333
117718
114092
190329
268152
131209
167116
234380
216277
219667
44333
190033
85184
93512
133435
106622
172957
89900
144986
69780
105567
238433
144359
223652
278004
263025
78080
130900
101884
113630
125329
82960
134096
184437
115671
71135
32827
227686
99120
133974
46268
129987
198259
156026
170226
98457
190118
189872
84086
149435
156132
172530
180360
285137
37453
107383
144209
96442
50468
150495
172964
135991
148593
114935
159011
107999
181460
81728
262038
109138
146587
163678
102722
195091
200714
68487
76938
98173
61251
86296
182542
74049
83907
96351
27341
262495
189014
266640
59695
156739
12464
173262
124240
113873
64466
96306
174739
165095
70632
65052
183442
200513
46839
275910
177159
117990
140586
188638
144847
67725
150006
94345
81626
175109
149681
151086
39168
138742
24075
203931
258484
21208
202968
162893
150981
146180
82585
119638
135581
108606
107463
189259
279124
251268
249822
94991
114173
93824
255826
151329
165920
139082
176276
167683
125429
183995
126794
111156
184220
183580
256158
236597
172766
101248
138189
95774
95311
86031
61888
166650
175407
62236
151899
66518
156297
51108
209161
129682
84024
77425
198183
173258
98384
169094
148545
76456
158376
170358
153339
139400
38899
36647
152905
13274
125589
105579
88815
66136
141391
80213
187321
113012
143791
77914
76490
168636
57730
214417
234771
178870
110247
29758
24566
176967
171499
108613
78168
86635
131776
90633
157878
97225
253821
243506
54091
63848
43502
136832
277586
128119
145536
159943
164823
158008
73216
77633
122075
70054
191740
68408
95820
176312
115148
15200
100311
171806
170223
75891
146020
94389
132436
85043
148207
61908
82397
34676
11993
185665
215419
178232
190373
118915
85155
98796
183978
140131
85203
125193
93310
189416
68605
54874
76712
141033
234918
219288
53014
178168
109058
63941
108285
83596
132284
148561
93934
174684
112020
250867
280171
172596
170647
189547
58188
121984
139726
116704
68334
128843
75678
155930
154776
72099
59185
139070
180896
121195
254870
234820
165753
110726
126700
180902
82528
65750
189078
167597
73977
136346
235513
46511
105047
54641
126966
155264
92940
124902
146881
169848
127055
142883
105663
166467
80334
101215
262645
17373
211428
248825
225526
27664
240683
188320
188981
143459
140752
177943
132288
158183
174613
81625
155685
106305
191924
61991
162529
115163
172164
72681
155413
184763
128880
90384
151241
106929
60869
146323
226455
37403
39832
73350
131498
200097
101153
189527
130209
138689
151047
90734
185015
93316
116371
65177
34608
262864
220028
44212
153726
100209
86883
107018
182355
62954
150577
64331
153801
160244
145289
160234
185498
228541
102106
138887
9228
203623
194426
120664
106865
65424
75934
79356
146157
90410
176010
78270
23852
188150
106583
104358
146827
117546
92194
127943
108727
95282
127825
168412
82697
83165
185510
107513
21032
137221
221038
215381
132754
46494
252226
116606
74283
143327
115311
183062
129112
66709
124225
88816
257436
221953
196464
53381
35090
154688
113880
90267
130937
137218
124775
158561
94079
82932
96493
83176
250076
91134
285805
80866
125662
228871
35887
146700
106258
183260
118375
186570
162767
83816
118495
128947
187230
75550
11605
169010
285973
151492
215162
108267
186783
169384
140364
140953
86321
104379
160416
71060
117293
158506
205112
145326
223062
242157
83381
109767
169955
108060
121337
107112
99651
63655
133206
144719
236885
63732
55999
38315
198279
67812
265690
82586
119312
146580
77616
73640
74118
62749
140728
188988
104752
24566
204295
261355
93050
196891
243519
97815
100708
149297
144010
188035
149537
154722
108247
188751
177176
129786
37648
248279
233713
114497
231505
72331
166593
122612
98530
62267
116604
129088
138669
134050
105342
63757
186815
127561
246847
156683
161978
63681
174425
188880
154944
145468
102145
60644
107756
88521
26888
83266
95086
168702
19835
223116
201885
123670
65762
85800
160353
109771
93367
78378
164313
167814
32022
51101
270588
138363
286292
48960
118841
73977
97929
184416
144895
96142
79616
64124
68423
168977
42633
270901
157297
127717
237578
202912
89052
62493
118544
190006
79066
161322
86658
164456
167165
127317
10638
240593
277475
169895
263151
59723
78222
86835
170890
60557
101218
148687
117921
152048
143256
100502
184086
56195
210642
99578
100029
200714
17062
140979
124296
90713
128694
83632
183312
114155
162907
68855
242341
207624
133943
20520
260660
188787
115511
107549
175074
108993
75683
92888
143906
134171
134513
158456
202550
161765
155627
144352
255795
144389
129608
162493
169110
135812
185064
90035
94260
89452
109618
117582
61402
151819
165945
138143
41684
208890
109918
182988
153549
149039
102393
113306
89165
122317
174953
109738
227058
198488
93140
180152
180209
141502
252987
149812
165676
68065
61545
119216
123915
67763
96936
120142
274900
18055
68690
41273
103225
170613
33320
90579
124734
104749
130075
129480
177751
121116
71149
162768
153308
39947
130063
284076
29858
79618
40908
172673
101418
123402
71001
182575
156290
74014
85021
126124
245483
266502
146326
13930
211322
139061
142876
87649
94203
87688
99490
60523
128095
167956
71873
151350
11296
78829
197975
95922
110421
140302
30314
140472
155544
68774
80922
61858
133349
110327
100369
135188
112841
103092
166231
271829
186714
124127
288772
131520
88396
172051
173866
72800
154647
156819
140852
62434
53465
179684
83198
205347
41201
151290
23079
61760
89687
187834
165996
187051
95366
105912
118193
68710
130408
26925
39917
129757
238057
122543
50446
67122
73605
86388
107170
84107
168553
77795
151410
137914
170361
241221
133254
91619
19395
177129
53156
181663
151373
174539
86682
121939
165274
81099
102883
131018
251117
92260
42080
34439
123344
147290
219327
163874
75045
126932
178138
74654
95485
89731
100158
79985
19181
28292
207994
196234
113508
31222
174176
157432
189543
174439
66382
168918
73129
180940
112753
66698
142393
124554
279316
128143
273016
59573
46182
156050
172507
183323
142023
77441
185834
67828
69559
116162
134190
213494
230336
198743
107352
44858
194647
108046
111156
72952
86858
68454
153572
153545
168517
68935
98829
149508
92027
31567
178095
142822
202410
181158
137226
186339
134443
116246
170972
186434
154651
111879
269684
93157
9272
129147
139652
225991
263614
165965
187788
88015
119971
106676
188268
121899
70891
150590
283690
126978
103780
237742
280535
132301
117610
75823
107558
178654
190103
114613
102675
112618
123660
142540
110419
278040
102488
109614
118610
90781
79251
164021
103965
159290
141645
107510
91201
61141
62460
90945
168659
233039
197047
77470
74506
99344
195462
176674
76417
115978
137565
82662
123611
124395
186392
117147
151482
223302
165809
119993
258611
276046
67986
151046
115249
64029
159180
105977
178044
171263
146483
128240
273909
207866
96073
80077
115662
112979
257274
133090
135725
61483
181154
67877
94401
95705
158294
143645
148005
41962
213749
12207
17174
98829
288596
91117
173885
180214
81160
160837
141053
112915
78448
78211
19025
42897
20836
94407
52835
231413
254188
167591
151185
106858
182198
117535
111576
96308
115676
151006
29167
52139
96674
237572
256846
51141
213092
98606
166685
187101
110378
80838
115416
104329
109481
136606
248884
18306
24003
50805
33682
161198
113834
143389
77948
159379
157847
128104
90299
168485
151014
178481
271929
279119
255572
125527
34120
169356
176502
174030
187220
135401
170546
71549
93073
100913
134491
65162
154079
234692
113807
162673
25766
126580
96235
141849
177587
135309
176678
145833
130760
158183
98401
64503
93660
193253
92568
225674
190520
192874
23639
66423
62822
183003
91545
161939
151173
73147
90314
158785
15091
19783
244711
279261
16478
271701
130934
164090
121129
122414
89115
77665
92580
179682
81004
95231
265539
81596
93713
161407
36466
60683
204919
171042
170288
125958
144918
128576
142169
175643
188847
153481
206096
93892
175731
58790
39187
252304
195363
98927
126854
99573
100437
154476
138894
69121
189091
72847
108649
88369
205475
194806
276115
257213
272701
175858
156251
124573
78300
95900
78217
61764
137045
118917
273521
226317
10963
71815
233151
138235
226696
102549
144714
151344
154013
138011
122832
183980
123856
97912
84771
258918
202951
287791
53162
85607
44587
163142
121680
80973
143384
121494
83809
132661
165697
153514
216279
160990
212181
204151
122869
42081
174128
87947
150623
108024
163249
92831
190241
168974
170762
104573
224436
190260
217389
106767
170641
163388
121374
143250
162428
177041
103460
139888
91399
185954
81123
73089
137495
236547
82973
137318
111837
152607
239665
148176
159736
82890
90463
171254
147477
90263
108621
167534
98684
107668
32224
243078
159770
160644
228359
127003
74234
158196
141222
178326
144014
84396
77707
161342
21608
105896
222006
37527
63199
21543
17814
119042
66064
155665
160589
117296
106401
185517
68992
60889
100195
50286
102906
62952
51987
44737
70388
182126
81173
169916
76538
108328
185214
170110
173757
180939
184992
258218
152168
35934
268184
201613
224482
187896
129683
66318
64895
91195
132953
81353
117729
145488
174292
116930
161229
162217
279321
235594
164353
82685
73068
179103
102634
74647
97715
117067
89287
93827
67569
205922
97503
74254
174160
256222
159143
81648
76587
133205
123144
116982
61388
188731
102902
166008
70857
178943
235034
217017
270415
167168
97016
142689
123837
164920
178746
176641
146540
97795
68962
170397
13038
159120
10826
17415
94322
289352
23956
78766
115588
161275
152968
102735
131222
167745
183433
116081
119403
228919
236996
265727
103924
234212
176507
174253
91961
135828
172370
98787
146504
169687
91672
157748
10375
106275
101775
56978
145358
205270
241031
178852
103352
95628
115831
169051
178254
108729
169872
89571
194343
89742
217437
108553
162097
234172
167529
168868
92756
171856
110899
68034
153366
133146
70506
74563
84000
248627
77160
138988
185994
138523
13046
89857
144613
60678
185661
155918
183593
158838
146149
186402
26932
264444
201120
32225
240226
231664
172624
87131
96275
132130
177918
188275
104425
110193
75563
177235
166450
138831
177267
211351
243141
21836
171715
138657
157872
77318
120920
84820
160561
121049
157381
76172
269478
59889
19531
96336
248787
279265
124275
160005
73236
190197
174664
139346
166453
93031
69833
80686
81720
249500
132696
170272
104251
65953
140739
68424
182615
164405
126797
134453
105769
174807
143765
95317
139961
202328
222686
270815
50268
239059
125883
72736
74034
109123
170990
148174
66528
95868
81869
141316
281363
146071
26556
140391
87039
168079
97713
113462
157970
132739
126192
137610
153611
70416
94790
79707
117022
26513
250471
93518
79596
260240
278191
179373
187234
131371
146459
118072
144230
148631
92804
155233
227397
206993
111764
147643
24531
173731
95354
128173
122454
102203
137317
99696
174128
73118
150216
117473
85578
287581
231519
26845
132367
195431
262041
121403
183588
91745
79437
111958
166270
142577
160774
123177
13785
203020
272444
193608
138532
50198
114386
66913
130674
72247
170084
98028
113001
136136
115178
104033
141053
174094
202554
213444
137752
248542
78771
178289
172605
86117
122744
135788
62013
80853
161154
181230
286879
14456
47035
163795
234769
81148
13814
81135
142739
119435
172741
116277
64348
139997
98281
126481
162912
170891
196059
154347
183208
271721
99792
161211
79463
181591
147323
167601
125807
78854
171181
154461
247136
227576
42420
84402
175881
205598
243952
60298
99409
188910
125882
80230
144125
90228
189253
142120
219951
259069
104799
252841
266002
119956
122897
99321
94294
137579
177590
129418
131258
102684
145334
82638
217170
181214
239407
123691
35859
112569
152370
171988
108805
130773
113129
134967
163418
96387
154469
62299
237708
103213
271348
118451
257904
275572
79397
184929
63573
175473
166998
141509
98380
125636
160512
63512
187467
225668
252555
32318
28630
55665
225361
141043
134233
84384
73422
188663
134802
100001
159967
151418
252377
182877
215290
53970
41229
202717
133280
118184
144048
187023
118011
152394
102271
166325
84104
155377
80253
68740
170744
243810
192213
280751
167019
92793
65655
180699
74717
149290
176579
96440
94708
82202
54982
134954
75140
58444
35872
249315
176923
87715
128116
89108
184239
184149
136126
86797
85710
98267
17569
278865
33669
136105
117791
125914
42808
133463
68413
123424
180762
143268
80799
82846
70721
156641
117701
46353
67888
100824
238910
169330
276870
89704
73321
144954
161813
85546
174930
174404
88804
123340
258921
278335
30288
135058
192613
151807
208598
81862
125929
112530
84629
186846
144838
76659
103834
92563
47679
96255
155985
74354
185900
198957
115965
169804
171894
91226
187137
162356
64394
106378
181339
148598
60243
157038
213802
149345
142678
30924
185629
132089
181163
118834
174790
117668
172424
143192
139220
161594
131833
116914
14266
42559
79661
135383
29568
114133
108151
87447
119855
155143
167904
84562
121424
167775
166366
249780
67674
68963
188466
74781
194948
81569
74340
163634
77580
154971
169320
180235
183652
74773
218774
11960
270162
259160
118038
78525
34941
144522
141454
173875
174135
130272
159546
124502
180268
148605
264035
129161
135123
51009
145206
119022
230886
81119
102568
101261
160416
126641
167538
78932
176322
69477
196223
57171
61353
72807
218182
251179
255900
88879
179840
156817
163271
109866
105045
127875
101978
156338
12642
96885
56860
115883
153961
255121
242905
69004
161551
127750
140831
85406
77875
65468
72560
73050
138138
214397
211980
134513
204019
146613
275880
78459
145359
181928
125111
144171
131704
85500
62593
106320
264242
262620
171329
162965
54884
44143
51383
134316
136017
61178
128368
70640
177876
156930
171876
71909
66186
67847
278165
277159
164675
139138
78265
76222
159703
100029
183123
79639
85461
171762
124065
95530
154282
277600
242798
62012
258800
192237
285567
130747
97083
72568
60081
126019
137935
151885
170409
168923
86284
270387
110847
39732
61639
111642
218651
90062
138284
72452
66738
168992
66977
127449
111912
161474
251451
112186
113537
216337
71702
21466
154954
131270
120584
87375
95263
190400
131367
149433
122572
179894
124801
184030
190376
267923
242512
240822
121309
89773
64045
121273
175979
64133
165737
126834
76893
185901
284099
73935
272302
45241
169286
131894
193499
99662
93655
145773
126002
87304
143368
66177
77089
86712
229590
52138
207634
63048
35412
26026
9666
117331
131925
153384
183622
115227
80525
188181
120737
128035
287680
221467
75911
233829
18597
118750
241328
82347
177585
131947
60312
158402
78785
110402
153121
75630
282200
23204
42458
42517
64803
182026
123460
159678
156853
79998
68583
182404
109019
129730
122680
134318
96164
94027
160613
121383
145887
114954
240249
160305
146095
164295
180099
147518
178629
136119
96738
74640
280076
154441
112834
176694
142118
138403
45638
105699
128788
114376
173566
175323
98089
105866
116277
81177
133766
34133
61950
150483
27060
268802
10633
180667
139634
68648
120206
93974
61375
165292
75148
64545
185397
158053
220798
135536
202173
155197
255372
72469
173321
101723
60635
65385
84884
116412
186097
159325
77130
269923
108062
220849
128221
132426
196281
127960
123342
120766
125796
75621
68025
114688
119670
103077
41344
243314
75136
145255
146048
49119
173456
184270
144079
128318
178696
139120
147705
155103
66316
150508
17354
54452
131928
236839
103454
78251
282697
175272
175135
123806
153402
148143
153458
155558
103614
120727
160923
138238
68042
235688
107085
17044
130525
119993
175468
110999
96139
71492
142018
130067
171332
60326
66003
279880
227992
200110
288532
134651
59013
97496
176786
137422
174719
117866
147404
113829
175723
120640
244226
107756
187497
140552
33188
95004
136556
124705
153158
170735
60322
88054
143327
152041
171209
188578
136189
140918
107959
227418
146829
255648
27187
90395
73008
125919
115605
143916
92273
117897
171639
176067
250418
165224
231746
283044
260330
171353
113080
181495
163902
116825
136713
178884
168288
157910
170027
156054
278565
180446
147290
235697
30599
249028
40847
108602
103204
166892
91550
60304
65501
80748
75824
153394
251380
282290
159262
12545
270783
278694
217723
145513
165142
132168
128789
97894
133610
182987
158950
159088
252969
23462
82494
37031
193102
253504
70291
76307
172607
98594
77103
95574
172260
68584
149311
145954
19311
27416
68087
141796
99957
272923
243160
159473
67673
106252
183888
75727
182018
91277
157224
155264
25533
118805
269003
173210
285286
133770
262253
129179
94922
62672
169942
143606
156216
120674
88691
64963
32869
78238
47487
247793
202603
216107
211497
136966
88510
140983
133290
181535
66905
169599
141387
119880
121312
10787
108781
176873
147425
143297
10061
147483
77388
101530
110051
134880
139163
147604
70671
114598
220053
266205
190966
77297
30916
74563
246975
71313
155059
154172
183609
146477
183784
106193
82183
91831
54088
180088
261938
263275
131231
203290
138404
73107
183928
153663
188210
176815
78419
151622
60040
178459
28085
261183
186882
243068
200252
126247
125245
124278
60873
100138
72984
144366
96713
182805
104721
113620
80070
266539
120849
163190
112387
107717
258428
161587
169300
146382
135255
67181
69511
140438
178157
85561
198608
85660
69626
59784
161103
150530
246111
66347
143392
131783
184107
97143
105741
172798
83736
161946
202452
145244
245103
167488
18919
237837
25703
143904
136794
151855
157522
108686
125305
141470
87372
87486
258717
188082
254407
205808
211044
28407
280521
160757
140885
111775
95970
104038
169449
83899
178926
141129
153514
62325
245592
223377
238649
62996
137911
163469
76985
160092
158613
96855
112576
107586
137928
69545
290291
225251
17942
215716
287140
248833
101310
108927
87423
133174
86918
134449
109990
144355
105465
123893
130316
214718
66051
243134
98009
200607
39566
114362
90386
129468
95899
138567
161539
187187
189714
92133
141573
227329
46256
238534
18165
31602
30073
189765
188749
186062
115881
171180
152250
112443
161774
93831
159514
124628
149050
25372
156246
100684
247069
115778
73959
177668
187647
169128
165454
107938
157448
116287
86582
108773
98674
117993
140615
270799
51589
156437
128153
126596
81022
115948
183786
62073
65523
147429
48416
178080
242769
49478
233910
178836
161374
127089
85791
69653
141512
102265
190392
184893
116876
145179
271190
240101
165025
57300
46082
39863
19761
130249
157799
61263
93170
167144
161485
87403
189777
184478
245133
264586
104830
191952
90847
87436
27698
88445
125814
122711
83822
93641
72641
142799
108595
105139
62332
273445
246234
285438
30788
241576
237536
177054
165594
71366
165601
121716
153024
185234
172759
113076
155160
187138
129704
46984
120604
238373
236153
155045
66347
113820
76429
177420
149124
183970
172659
188109
163670
151237
267475
63065
172575
223236
270320
146647
155376
174051
124339
102195
68308
171790
185101
134772
211843
213352
42610
160819
49341
175684
142277
106271
95938
83074
90898
78909
121103
68898
141529
182113
19308
207760
101698
249997
193364
162122
45015
87095
69462
61344
172384
165744
70121
126915
77995
126528
202512
16493
173685
40274
64639
15779
33753
81000
78875
77520
175856
83149
180140
145463
150401
151271
100206
10456
210794
90583
68069
262940
82967
130347
140210
137569
66012
78956
156738
184718
82661
132886
87630
195470
236588
218088
214477
19085
204074
190467
182425
127850
102489
95954
148863
123903
66392
161505
33571
15714
176620
110476
165707
109071
88200
173035
76583
175580
83453
84708
72485
67137
69169
134897
155481
45089
245986
67980
195768
272924
181790
123232
86593
178868
178467
175822
108039
69550
156380
87941
125234
252329
205897
252184
64338
48541
228532
148789
175071
165597
175322
139738
142773
87487
69366
186337
156927
151187
252428
15775
66221
105682
122153
175767
144235
119774
176722
85113
117472
143096
123506
142913
45711
162650
216942
162161
106382
21653
45926
109440
112851
135444
93853
105975
170233
126183
95051
93313
280306
117296
27868
230028
99951
252560
89477
103483
68646
178450
186343
69023
73489
144693
132424
184587
246106
217930
237832
175153
282799
63982
35677
95914
81909
128728
155630
75374
135204
87132
84856
159962
241648
159528
123744
188604
253340
143317
115287
114189
103794
74952
157252
161864
104295
66044
122765
92123
105050
9362
281424
201674
41781
195544
182351
129116
108209
92870
169404
127824
90605
65223
153297
81128
123954
109426
44134
89228
210053
53255
280723
109382
180896
137391
65956
156789
132160
178218
113593
127426
284928
243714
126052
227660
160677
92521
171926
82411
104143
159660
142475
147436
181509
99556
130155
99502
222368
232598
174284
254325
30693
129772
182739
154479
168607
169090
114160
64054
62346
185618
65017
77851
158514
52113
179768
61203
180288
226399
277426
126135
96334
77415
149753
180183
91887
179639
64647
179445
133139
171620
47794
57574
111421
225045
264875
166593
123676
79695
131386
137211
72623
133065
67945
85087
44882
258494
237205
275904
282063
204903
141736
120634
75279
164421
157305
126641
123320
65215
137814
125382
12282
230862
36728
47148
157596
229785
42459
101889
150351
108506
70539
135665
161083
83657
161291
128906
198388
208256
157306
91712
247295
35419
143309
124975
185464
110854
163968
112125
95363
121580
100693
84589
46300
132456
205372
89262
95794
93930
18513
136513
136258
119499
133966
120970
161612
146090
65423
157631
106909
72417
223784
161849
247552
209556
237442
137335
183193
145126
105519
187510
153599
118410
126664
82820
117269
94078
256362
121752
182475
265141
223858
96816
128714
114827
186410
98352
86092
127690
147871
72868
176128
215858
195995
184249
222553
266968
161981
98210
121664
63123
145118
131988
103277
130896
65118
139938
136022
69861
280572
50202
70566
172463
194340
81069
148398
76582
142745
112164
102367
150468
84203
80247
216371
224852
101580
145237
43713
55205
172849
178911
61879
152031
95774
83330
109836
60053
66471
78557
222927
60358
151903
91284
97367
91286
165441
170725
80332
87984
169969
148848
124040
159638
153357
104375
147190
188537
14683
230460
161299
152767
185282
153031
67877
119270
86331
107322
161068
159840
140349
165519
172143
28481
84515
143762
19418
150966
178520
147550
63721
150648
120420
95878
175614
60216
136756
169885
227530
199944
237760
56330
85103
216469
44721
72899
106002
117428
118599
187638
153269
95410
185573
163468
227715
200054
55508
176436
200111
230646
14074
94286
181345
169724
63012
110998
70315
143091
69042
155426
271809
262134
164959
252278
290392
98171
17795
94315
131962
156571
163649
129610
180766
184740
74000
147169
39497
114797
204295
89075
118800
177034
93032
139438
164784
110935
103336
112826
102587
176196
116834
145544
180910
178479
266808
54396
184558
183316
80268
80734
175047
64421
66879
115101
67578
67475
184551
62329
110231
95047
103306
177943
212556
80479
72181
134124
89465
174222
66704
116249
121668
181049
167074
157292
232198
27911
30656
19649
170145
31710
136603
162342
71754
109177
166377
152670
94179
64246
135505
178667
208095
32581
143783
128350
26994
225001
70733
161410
140645
145687
183511
103870
151177
102805
111449
63104
125069
179980
230531
126427
176875
273188
240812
93625
174098
70130
168544
87241
179157
115039
91500
88180
91090
230472
209341
144365
141901
231342
116817
103326
86501
89930
73658
61444
135729
123139
103306
109942
142898
35871
279904
282271
84298
59819
88382
138938
147984
150523
93416
116327
62437
128705
129009
137271
180219
23594
78769
45334
76746
88021
138736
131046
61616
126861
74801
75495
92101
80252
102855
150563
251757
251081
271452
234875
62693
224340
255666
93935
102763
69348
76350
103772
91012
170948
72094
155737
32017
59179
174798
88479
32414
229589
221447
80233
137950
169900
189935
177830
169043
117044
81517
159183
22068
222155
27490
21239
191258
230453
230083
106285
188621
127629
84209
186350
117030
117791
177374
165691
63802
71242
205052
244085
93741
177793
290741
16607
30316
14954
47089
55955
50934
46996
48417
65447
20860
54332
15679
61600
64630
18521
22090
14510
25213
56299
17607
17443
42152
51938
22790
32711
35153
64086
66229
12686
65242
35298
31372
56656
37929
26016
30537
27566
47769
59146
22768
48073
18128
32488
41460
38980
13723
58976
24720
37834
45500
65947
61393
11950
54713
21041
29944
65943
45227
42639
49581
24593
46403
50578
53953
36637
37609
44731
62315
46946
28555
61947
55850
20188
51928
50802
61849
11306
64166
36300
34843
36006
24449
25344
21001
64922
63345
53245
65028
31601
26727
13392
54449
23514
52255
60759
62722
47157
31543
14987
48818
33611
13107
63635
30767
34164
22079
34174
32635
32673
23469
57043
59403
45144
60016
60630
48699
44141
20100
15519
59390
61302
19309
40601
60379
40469
58449
17716
36066
32239
34225
34423
32691
53869
56498
23192
15631
42804
55997
62243
31455
39096
57332
25993
43377
46515
31286
34919
28057
41966
14890
14652
15170
17101
31729
57068
27306
15497
57695
57356
35378
11776
58641
51480
37230
29607
30151
31297
14827
63447
23183
65640
38084
61704
28066
53406
13327
39100
42315
19078
38748
45673
30117
47115
43613
34639
14272
20002
16677
20446
46973
17623
18943
36799
52806
35007
54403
62419
24980
59221
20315
59391
22575
36908
60611
22129
22959
11335
38187
22160
57422
55092
53306
11439
60072
63714
56688
66418
31438
46064
20991
60940
23943
16031
60582
27642
64788
28812
58552
14078
32743
36658
51100
18245
55289
21062
44528
39038
28630
25947
51126
32781
23117
47636
48037
61730
14144
51706
56916
22500
59429
26076
64245
57610
22095
30997
59302
26022
58865
22671
48288
31804
28707
17444
36159
58152
55133
30423
61529
52206
43821
32263
24153
64443
50255
24130
22760
47487
29124
43231
15075
44072
55825
52724
49973
15683
58159
64749
49395
20108
16676
11387
27504
42903
47542
46337
53075
33345
64118
41181
21474
42368
16339
62526
43922
50888
40724
61377
46238
52286
62281
30164
39164
22583
66226
12156
38789
35616
12318
43669
47570
41844
32401
45983
66588
51979
59760
57563
14274
58583
65290
63050
15205
16133
40116
35550
30456
30097
40787
26650
63345
55066
42812
30404
65235
51689
56488
13188
42743
19705
13825
22387
18421
60092
63502
19245
49266
58738
63418
41455
62166
12190
60841
60544
56956
51332
61415
54599
41222
14516
61531
17709
29634
48295
54207
51452
56561
58992
60579
26419
42716
22918
22983
58130
21161
61110
55961
52406
53090
57657
43804
20248
45682
46443
45386
47209
17584
65646
66496
49464
24544
24073
33936
42287
15200
19195
30980
18579
18007
37310
18546
15411
42130
47708
47306
37889
37377
43641
54334
61305
34493
31336
36448
52944
48458
17355
48192
33585
45143
49636
35095
29171
13051
64467
58959
41982
39291
15840
30379
40416
12757
11317
27422
64935
42812
44719
20186
64941
11986
35815
21710
14189
39351
26791
22235
17102
50068
15529
53309
12968
54730
61275
31991
35362
48006
64737
19527
24744
54174
35672
24346
62679
55672
20881
39929
42465
21325
50575
20706
39406
39834
61739
60399
46739
33062
38152
18827
58307
38940
14033
33810
38316
28944
55051
22679
47024
51693
56223
47906
14028
59013
49178
62954
30448
61315
48770
29070
23866
51792
37264
16936
43084
37602
40356
32430
25505
50763
42927
27794
23765
12319
61504
48706
25515
25643
64242
39841
37619
32790
56998
55474
27854
26331
28895
29829
39124
62529
38727
29095
18465
50817
17788
16900
53437
37341
15543
46847
47078
41451
31226
34946
13119
45610
47287
37367
58028
47909
37339
29202
28472
47452
25166
31921
50803
37715
60320
12643
52023
33725
22715
33924
55745
31371
64696
56299
66647
58441
46791
34631
30439
54693
28048
14908
40971
47917
55905
59359
22158
54136
51526
49331
35856
65181
30986
13564
23173
36026
36315
28515
14692
16175
33901
16150
52565
14681
26051
27931
40574
34965
27179
53797
37042
16303
22038
38968
18237
61198
39366
61611
17396
64137
19744
65091
41519
28495
61207
45248
17842
31399
58769
35308
26129
60485
36524
48565
63277
34662
27128
20133
21456
36169
33377
48856
59636
47958
25558
59783
46877
59897
57298
18689
26484
22193
63542
27042
48075
25560
25355
33465
50826
54213
62347
62736
26355
66635
58084
42121
51413
57786
25763
13688
39458
55901
11140
14628
64738
24233
26813
31109
59969
12137
15144
46703
44110
33059
11772
42211
45352
58084
20747
37223
36019
58023
17691
11365
56548
49685
24896
64550
12274
29682
20424
62638
17831
38622
60769
16020
26499
18953
46873
17421
27791
59103
16175
11996
55301
57134
29038
16403
12107
65210
63995
27488
46077
41872
21887
27271
23356
18943
31986
47909
24451
36014
19553
43837
16308
41660
17326
40966
27687
26704
64011
37772
18951
37632
27613
58094
12369
20630
54492
56940
47320
31650
63152
59684
42656
60397
33778
52764
30204
65886
52622
63247
54082
26639
11509
65469
47968
15476
38870
12095
20827
35353
50862
24920
17625
28243
36137
33776
36340
32683
15732
62646
50135
27451
51067
25839
61259
56337
15885
28206
40717
50787
51287
55432
60329
32380
14693
34615
48681
13988
42376
29774
62092
21073
54945
66574
35596
44787
51191
60938
46222
18220
39157
58405
27142
57583
61335
48811
44783
42077
44910
23913
47524
32280
11588
36705
62798
39520
20646
41917
24773
42524
14412
65305
46749
46581
45756
32880
25012
26084
50343
22094
31128
61009
48412
22331
39823
18823
26556
16582
61885
24127
32612
60123
15755
34938
44723
19768
25108
66080
66540
12756
25264
66234
36381
61230
54058
64726
35727
42464
40207
25183
46190
59823
13159
29875
13945
57462
55647
42615
28667
56619
51703
32632
19776
62964
55064
28608
13759
56135
55604
58450
14663
19923
62687
22141
12735
47927
35657
30914
58576
59615
38289
49698
23423
17857
45589
12804
66495
62056
57780
26165
35721
28029
19740
41532
65697
26884
57970
65571
57100
24367
57571
30904
13732
24396
48906
44888
52112
43588
53470
26501
40950
48500
58579
11133
38920
56182
38874
21939
47189
36849
52848
59779
14023
34011
46222
31082
48385
12168
32109
39941
37089
28457
30568
53502
50464
33315
48215
45005
43450
59857
23015
31367
33621
45450
25702
56465
55111
49838
27518
26197
39271
16893
48301
14308
33825
40411
21687
54645
42920
23777
39332
30442
56300
48149
12304
60542
44242
41504
60839
61559
31515
15811
18568
62969
46294
14251
50670
43966
64226
51293
11518
51296
13925
50675
41010
27452
38153
33234
40275
36516
36202
56014
32567
63795
65698
56571
15323
11687
14477
23283
37276
49716
36083
43954
48132
26237
42193
53670
63511
59232
21940
11360
64789
18424
19730
15799
23244
11242
26529
22657
33875
15535
19540
42819
18440
36140
46077
11566
65173
15500
33810
26160
23265
36870
51120
25137
25416
60270
12678
20525
37033
56689
31060
59898
49646
45698
17141
18323
62706
28572
25257
21407
41486
33307
62885
12665
24058
61128
61032
28830
32497
16431
52947
17631
36562
24252
34881
43095
37406
11244
22838
53792
52151
29768
46194
52441
33056
34466
37683
17634
24181
49181
50280
19010
60135
63198
21729
64477
24325
56713
63281
34771
55964
15591
14841
13290
18750
66370
15275
37848
37079
12108
26155
26668
25062
20519
62041
27496
39774
58273
24101
65620
66128
28299
16031
35411
51431
42266
24720
57320
57141
55169
24448
53221
62934
50360
26892
50175
42434
57956
38758
12014
58024
48945
16534
62114
60371
25988
31960
15649
58196
17666
54961
53496
40201
19737
12597
41262
57033
14246
22540
66653
31824
41707
55222
40808
50836
24663
16936
62235
11514
28768
47905
38828
36785
26768
17935
34993
45318
31998
12042
25212
32525
30159
40083
24816
17743
49026
55286
63699
26973
63039
11516
17420
13509
65639
59542
59861
54425
36355
38696
58540
53222
29829
28178
33382
45094
57014
12777
37953
22531
25078
19115
58336
36320
59529
56162
64047
63838
50210
50730
13992
63767
33161
47450
63777
27936
51058
39951
15124
43355
40172
20792
29269
27270
37255
21429
37285
47063
12078
57966
66511
29309
33342
40168
35842
53250
35982
12746
48222
26832
50133
40502
58807
54801
24105
54280
58213
18319
56465
28743
29033
35008
36685
61324
15413
25959
46454
31496
29365
49633
41635
58680
54079
30740
60840
62802
47905
12310
16813
27959
53350
21636
34341
52915
61881
52420
34755
59002
55800
23017
37899
48156
30044
16233
13290
29656
55617
61411
57909
22385
34022
62276
24169
26440
59328
28309
26176
30847
17354
64675
58890
45227
24995
34531
60529
11660
24612
39276
57380
41028
17380
45268
28900
47114
15513
35492
61372
13824
39888
40719
56474
24856
26188
59000
50712
44765
30034
22337
11374
19843
24010
55740
53631
42074
21397
48473
57803
18829
45204
17530
45717
44183
62372
51047
17938
52214
24385
33235
44193
23565
24598
63967
16127
16534
57487
24139
65440
43338
65287
61865
15554
28480
13530
57520
38882
36064
23582
56964
50104
34259
14336
62058
50021
26009
58145
16276
65453
23167
48629
46937
49657
36131
37698
13536
49408
41593
61920
26176
12940
34708
64921
56917
47666
14179
17477
34136
14747
62359
25600
23528
24491
49216
27743
45811
29433
26609
38675
52330
38296
31006
39489
11537
29582
21422
44369
33994
47941
58270
13798
65636
36729
20669
13020
58916
61912
30929
29359
16561
35293
33643
19603
44275
57534
17477
27719
25989
61763
46418
18186
43068
39476
30175
31109
57050
19779
40923
24114
19797
30601
26401
11309
62954
66362
27585
37591
23537
16685
61435
15748
51534
56485
29678
22892
62744
14816
17817
52348
22584
20084
58111
31603
24657
13720
51058
36502
44911
65239
32317
21057
18445
42744
47529
56542
60253
39007
39998
19977
40090
14289
29033
35270
44264
59568
63177
24952
58475
44636
42004
26555
26278
22699
18912
43045
24715
21797
39503
57767
42566
47059
49697
57031
19627
46745
58616
32803
34477
63223
23041
16956
50393
28821
28580
27471
59607
14504
56124
16551
50421
33951
66080
52296
25970
56732
12071
42069
23937
42860
58989
38278
37616
65457
26786
32944
20480
60557
22361
42094
46000
64435
29662
20050
37523
14603
44796
47003
20096
66248
53569
31386
30425
12335
63400
33996
37278
13317
60928
38992
37890
49511
19520
16753
24822
15135
48736
27892
62460
30144
12075
59291
40933
58353
49463
41032
50767
31300
45922
39730
53247
27237
39891
48873
40278
14781
65952
35157
47492
18586
51691
28286
31841
16218
26968
35129
62588
37318
40622
34079
55622
44628
55739
33351
59313
55560
32506
22487
38132
23645
29994
17980
30991
40749
43640
25246
57788
52676
42239
28317
42343
39116
11474
32746
13087
50931
22602
51652
22434
34604
46724
38435
12444
59608
59063
20620
51415
47465
52157
37153
18033
37140
57298
41942
47217
24387
57371
46001
59493
20081
46428
26938
54877
18097
55197
23902
22714
19699
48095
12819
63408
62414
30393
21737
66287
45164
25248
29210
15273
23701
48740
59136
43507
13954
60462
42683
18636
37812
50373
17637
13463
12374
47977
36469
26358
53197
29067
27504
56599
46269
42947
31165
14795
22205
51746
37183
55283
39236
50885
49408
44403
39533
21907
39517
34776
28813
25996
31300
57075
27793
37258
13346
31817
45190
21375
57742
11419
50386
50352
54274
17452
26635
20833
33444
45799
30489
11535
46270
17202
20153
65675
57041
66358
32684
37464
53360
42184
22545
17510
16281
59073
35188
47275
14372
58426
64494
33021
12979
14343
50036
19663
48954
57786
51087
52782
23594
20860
64772
42848
54849
30621
51875
53600
58872
50398
13406
60697
12559
60257
32428
49815
34850
17079
42459
50291
59996
34603
58129
40818
49233
27808
49754
31035
60237
15665
64199
61369
39004
44546
40425
16617
30928
11113
47715
20498
20218
55327
60389
46646
40645
31014
42672
18047
24117
13737
31107
33385
59268
13107
44026
27449
34766
58481
41097
32506
30437
12523
31290
54282
36384
17496
64805
64134
66121
41195
65113
49059
32079
35395
45939
15074
64399
65605
59845
32824
38571
36416
47212
43646
45874
22753
27768
30891
25869
18636
66141
30634
33687
12533
20902
23928
40414
24050
37795
41653
46719
45849
62430
12296
49258
59079
62363
54606
38409
53213
56367
51881
26497
51963
28407
53541
18138
12473
12221
25814
19640
61477
11388
13507
21855
22788
49169
60047
16338
14862
27478
27709
35797
42265
57033
22082
59803
13834
53722
25633
42546
45504
46290
63767
53444
52721
18130
45930
49180
19861
17796
11460
62219
15485
24789
47061
29538
22595
43755
43553
49362
60178
29048
35296
23276
64973
16263
52231
52978
25492
17953
17144
35457
42700
24732
36015
42320
19812
14939
43367
28366
48992
26602
27439
18575
59761
49702
51170
52866
39214
62010
50049
16234
54318
26631
20766
22100
20034
42578
62505
54246
40010
43701
21951
33686
54461
55350
58420
24669
24349
36418
61607
42960
43647
