0.990847
0.981017
0.972373
0.963729
0.953729
0.945424
0.936780
0.928983
0.921695
0.912373
0.906271
0.896949
0.887119
0.878136
0.869492
0.862373
0.854915
0.846780
0.842203
0.832881
0.822712
0.815932
0.808475
0.801525
0.792881
0.785763
0.777288
0.768644
0.758814
0.753898
0.748814
0.742542
0.736102
0.729492
0.722034
0.718475
0.713559
0.705932
0.701864
0.694915
0.688305
0.682034
0.674915
0.670678
0.665593
0.659831
0.650339
0.645593
0.639322
0.634237
0.626610
0.620678
0.618305
0.615424
0.611017
0.606610
0.601864
0.598305
0.594576
0.588644
0.583559
0.578644
0.575254
0.570508
0.567119
0.563390
0.558305
0.552203
0.548814
0.542034
0.538644
0.535254
0.530678
0.523898
0.518814
0.516441
0.512034
0.511525
0.504915
0.501695
0.497288
0.493898
0.490678
0.488475
0.484237
0.480000
0.476949
0.471864
0.470339
0.469322
0.465593
0.462034
0.457119
0.454746
0.452542
0.448814
0.445932
0.441186
0.438983
0.435932
0.433898
0.430339
0.426610
0.423898
0.421695
0.419492
0.415424
0.412881
0.410847
0.407797
0.405254
0.401864
0.399153
0.396949
0.393729
0.390678
0.389153
0.385932
0.382203
0.376780
0.375254
0.373220
0.368983
0.365593
0.362373
0.358814
0.356610
0.355932
0.351525
0.350169
0.346949
0.345932
0.343390
0.341356
0.339831
0.338305
0.336441
0.334915
0.333729
0.329492
0.326949
0.325932
0.325593
0.324237
0.321186
0.319322
0.316780
0.312712
0.307797
0.303390
0.302542
0.300508
0.298305
0.296102
0.293898
0.293051
0.291525
0.288814
0.287627
0.287458
0.285932
0.281356
0.280678
0.279322
0.278983
0.275254
0.273729
0.273220
0.272203
0.268814
0.266102
0.263898
0.261695
0.262203
0.259831
0.257288
0.255932
0.253559
0.253051
0.249153
0.247797
0.246780
0.241186
0.238136
0.237288
0.236610
0.235932
0.235085
0.234407
0.232034
0.229322
0.228475
0.225932
0.225254
0.223729
0.220847
0.219661
0.214746
0.213559
0.210847
0.206271
0.204237
0.201695
0.202034
0.200339
0.200000
0.199831
0.199153
0.197627
0.195424
0.192881
0.191864
0.190339
0.190169
0.188305
0.183729
0.183729
0.176780
0.176780
0.176102
0.173220
0.169831
0.168814
0.165424
0.165085
0.165254
0.164576
0.159661
0.158814
0.158305
0.157119
0.157119
0.155932
0.155424
0.153051
0.152203
0.152203
0.151017
0.150508
0.149661
0.149661
0.149492
0.148475
0.145085
0.145085
0.144407
0.144576
0.143729
0.142712
0.141356
0.139492
0.138814
0.137288
0.137119
0.136271
0.135254
0.134068
0.131695
0.131186
0.130000
0.127119
0.125932
0.124407
0.124068
0.123220
0.122881
0.121695
0.119322
0.117797
0.117458
0.116610
0.116102
0.115763
0.115763
0.115763
0.115763
0.115763
0.115763
0.115763
0.115763
0.115593
0.115254
0.115085
0.115085
0.114915
0.114915
0.114576
0.114576
0.114237
0.114068
0.113390
0.113559
0.112881
0.112034
0.112034
0.111864
0.111864
0.110847
0.111017
0.110000
0.109661
0.109661
0.109153
0.108983
0.108983
0.107797
0.107458
0.107458
0.107119
0.106780
0.106780
0.106780
0.106441
0.106441
0.106441
0.106441
0.106271
0.106102
0.106102
0.106102
0.106102
0.105932
0.105932
0.105593
0.105593
0.105593
0.104915
0.104746
0.104746
0.104746
0.104746
0.104746
0.104576
0.104576
0.104576
0.104407
0.104407
0.103390
0.102881
0.102712
0.102542
0.102542
0.102542
0.102542
0.102542
0.102542
0.102542
0.102542
0.102373
0.102203
0.102203
0.102034
0.101525
0.101525
0.101356
0.101186
0.101186
0.101017
0.101017
0.101017
0.101017
0.101017
0.101017
0.101017
0.101017
0.100508
0.100508
0.100508
0.100339
0.100339
0.100169
0.100169
0.100169
0.100169
0.100169
0.100169
0.100000
0.100000
0.100000
0.099661
0.099661
0.099492
0.099492
0.099492
0.099492
0.099492
0.099492
0.099492
0.099492
0.099492
0.099492
0.099492
0.099322
0.099322
0.099153
0.098983
0.098814
0.098814
0.098644
0.098644
0.098644
0.098475
0.098475
0.098305
0.098305
0.098305
0.098136
0.098136
0.098136
0.098136
0.098136
0.098136
0.098136
0.097966
0.097966
0.097627
0.097627
0.097627
0.097288
0.097288
0.097288
0.097288
0.097288
0.097288
0.097119
0.097119
0.097119
0.097119
0.097119
0.097119
0.097119
0.097119
0.097119
0.096949
0.096949
0.096949
0.096949
0.096780
0.096441
0.096102
0.096102
0.096102
0.096102
0.096102
0.096102
0.096102
0.096102
0.096102
0.096102
0.096102
0.095932
0.095593
0.095593
0.095254
0.094915
0.094915
0.094915
0.094915
0.094915
0.094915
0.094576
0.094576
0.094237
0.094237
0.094237
0.094068
0.093898
0.093729
0.093729
0.093729
0.093559
0.093390
0.093390
0.093220
0.093220
0.093051
0.092542
0.092542
0.091864
0.091864
0.091864
0.091695
0.091695
0.091525
0.091356
0.091356
0.091356
0.091356
0.091356
0.091186
0.090847
0.090678
0.090678
0.090678
0.089661
0.089322
0.089153
0.088983
0.088814
