0.990847
0.983729
0.977119
0.969831
0.958983
0.951525
0.943220
0.934576
0.924576
0.914746
0.907119
0.899153
0.893051
0.883390
0.875763
0.868644
0.860847
0.853390
0.846271
0.840847
0.835085
0.825763
0.816610
0.809492
0.801864
0.794068
0.788475
0.778983
0.772542
0.766271
0.758983
0.753729
0.744237
0.738983
0.732712
0.724237
0.718475
0.713051
0.708136
0.700847
0.693051
0.687458
0.679322
0.672034
0.664746
0.659322
0.653559
0.644068
0.636780
0.630000
0.622373
0.617288
0.612712
0.608305
0.603898
0.600169
0.597458
0.594068
0.592034
0.588305
0.585085
0.581695
0.579492
0.575424
0.571186
0.570000
0.566610
0.563729
0.559831
0.556271
0.552373
0.549831
0.546610
0.543729
0.545085
0.542203
0.540339
0.537119
0.536780
0.534237
0.533898
0.530847
0.525932
0.522542
0.518814
0.514068
0.511695
0.511356
0.508305
0.504746
0.503220
0.500169
0.498475
0.497288
0.492712
0.491695
0.488475
0.487627
0.483220
0.481186
0.479322
0.474746
0.471186
0.468136
0.464915
0.463898
0.461864
0.458983
0.453898
0.451017
0.450678
0.449322
0.445932
0.443051
0.441695
0.436271
0.431695
0.431525
0.431186
0.428814
0.428475
0.425593
0.424915
0.424237
0.420678
0.413559
0.413390
0.408136
0.407966
0.405085
0.402034
0.401864
0.397627
0.392034
0.391864
0.390678
0.390508
0.387966
0.386102
0.383051
0.382881
0.380169
0.376610
0.373559
0.372881
0.374068
0.370508
0.370339
0.370169
0.366780
0.366610
0.364237
0.361017
0.360847
0.356949
0.353559
0.347627
0.342373
0.339661
0.335763
0.335763
0.335593
0.332203
0.332034
0.331864
0.328644
0.328305
0.326780
0.323051
0.320000
0.319322
0.319153
0.315424
0.315085
0.314068
0.311864
0.307627
0.307288
0.304237
0.300678
0.298814
0.298644
0.298475
0.298305
0.294407
0.291864
0.288305
0.284068
0.284407
0.280339
0.276271
0.274746
0.271695
0.271525
0.269831
0.269661
0.269153
0.268983
0.266102
0.264068
0.263220
0.261864
0.259153
0.255085
0.254576
0.249153
0.248814
0.246102
0.241186
0.240508
0.240508
0.236949
0.233559
0.230000
0.229322
0.228644
0.228136
0.227288
0.222881
0.219322
0.217627
0.216610
0.214068
0.210678
0.210508
0.206949
0.203729
0.201186
0.199153
0.196441
0.193729
0.193390
0.190339
0.188814
0.188305
0.187288
0.184746
0.184576
0.179492
0.179492
0.178475
0.177627
0.173559
0.171695
0.170000
0.169661
0.168644
0.167797
0.166780
0.165763
0.164407
0.161695
0.161017
0.159492
0.158475
0.158305
0.157288
0.155254
0.155085
0.153729
0.150678
0.149831
0.147458
0.145593
0.144746
0.143729
0.142712
0.142712
0.142034
0.140339
0.139153
0.138305
0.137119
0.136271
0.135254
0.133729
0.133559
0.131695
0.131525
0.130847
0.130339
0.128814
0.127288
0.126271
0.125085
0.124237
0.122034
0.121186
0.120339
0.119831
0.119322
0.118983
0.117797
0.116949
0.116271
0.115254
0.115085
0.114915
0.114407
0.112881
0.112373
0.113729
0.111356
0.111186
0.109831
0.108983
0.108305
0.107966
0.107119
0.106610
0.105424
0.104915
0.104237
0.103898
0.103220
0.102712
0.102542
0.102203
0.101864
0.100508
0.100339
0.099322
0.098983
0.097797
0.097797
0.097119
0.096271
0.095763
0.095085
0.094576
0.093898
0.093051
0.092712
0.092712
0.092203
0.091864
0.091695
0.091695
0.091695
0.091695
0.091695
0.091695
0.091695
0.091695
0.091695
0.091525
0.091525
0.091525
0.091356
0.091356
0.091186
0.091017
0.091017
0.091017
0.091017
0.090847
0.090847
0.090847
0.090847
0.090847
0.090678
0.090678
0.090678
0.090678
0.090508
0.090508
0.090508
0.090508
0.090508
0.090508
0.090508
0.090169
0.090000
0.090000
0.090000
0.090000
0.089831
0.089661
0.089492
0.089322
0.089322
0.089322
0.089322
0.089322
0.089322
0.089322
0.089322
0.089322
0.089322
0.089322
0.089153
0.088983
0.088814
0.088814
0.088644
0.088644
0.088644
0.088644
0.088644
0.088475
0.088305
0.088305
0.088305
0.088305
0.088305
0.088305
0.088305
0.088305
0.088305
0.088305
0.088305
0.088305
0.088305
0.088136
0.088136
0.088136
0.088136
0.087966
0.087966
0.087797
0.087627
0.087627
0.087627
0.087627
0.087627
0.087627
0.087627
0.087627
0.087627
0.087627
0.087627
0.087627
0.087627
0.087627
0.087627
0.087627
0.087458
0.087458
0.087458
0.087288
0.087288
0.087288
0.087288
0.087119
0.087119
0.087119
0.087119
0.087119
0.087119
0.086949
0.086949
0.086949
0.086949
0.086949
0.086949
0.086949
0.086949
0.086949
0.086780
0.086780
0.086780
0.086780
0.086780
0.086780
0.086780
0.086780
0.086780
0.086780
0.086780
0.086610
0.086610
0.086610
0.086610
0.086610
0.086610
0.086610
0.086610
0.086610
0.086610
0.086610
0.086610
0.086610
0.086610
0.086610
0.086610
0.086610
0.086610
0.086610
0.086610
0.086610
0.086610
0.086610
0.086610
0.086610
0.086441
0.086441
0.086441
0.086441
0.086441
