0.990847
0.981017
0.972034
0.963898
0.954068
0.943729
0.934407
0.927797
0.918644
0.912373
0.904576
0.895932
0.887458
0.876780
0.868136
0.858136
0.849661
0.840508
0.833729
0.824915
0.817797
0.811356
0.802881
0.795254
0.788305
0.779492
0.772034
0.763220
0.753729
0.744407
0.735085
0.727119
0.719322
0.712712
0.705763
0.698475
0.690847
0.683559
0.675254
0.667966
0.663220
0.656610
0.649661
0.643898
0.635593
0.627627
0.618305
0.611017
0.606271
0.599322
0.591864
0.586780
0.580508
0.575593
0.570169
0.565085
0.558305
0.552542
0.546949
0.540678
0.536441
0.532203
0.526949
0.521864
0.515085
0.509492
0.504915
0.500169
0.496102
0.491356
0.486102
0.482034
0.477797
0.472881
0.467966
0.464068
0.461017
0.456610
0.452373
0.449661
0.446949
0.444237
0.440678
0.435593
0.432881
0.429153
0.426441
0.422712
0.420169
0.417119
0.412712
0.410678
0.406780
0.402712
0.399661
0.397458
0.394407
0.391356
0.388136
0.386441
0.383559
0.381017
0.377966
0.375593
0.372373
0.369661
0.366949
0.364068
0.362203
0.359492
0.357966
0.356780
0.355085
0.352373
0.349831
0.347797
0.345424
0.343559
0.338983
0.336271
0.333220
0.331186
0.328814
0.326610
0.323898
0.321186
0.318983
0.317627
0.314576
0.312034
0.311186
0.309153
0.306780
0.304407
0.302034
0.297966
0.294237
0.291525
0.288136
0.285254
0.283559
0.280678
0.278136
0.275932
0.273390
0.271017
0.269153
0.267119
0.265085
0.263220
0.260678
0.257119
0.255932
0.253729
0.251695
0.249661
0.248475
0.246271
0.245424
0.243898
0.241356
0.240000
0.237458
0.235424
0.233559
0.232203
0.230000
0.227797
0.225254
0.222373
0.220678
0.218475
0.217119
0.216271
0.213729
0.211186
0.209153
0.207966
0.206610
0.205593
0.203051
0.201525
0.199831
0.198814
0.197288
0.195254
0.193220
0.191356
0.189492
0.187458
0.186271
0.185085
0.183559
0.182712
0.182373
0.181525
0.179492
0.177966
0.176949
0.175424
0.174237
0.171695
0.170169
0.169492
0.168305
0.166780
0.164746
0.163559
0.162373
0.160678
0.158814
0.157966
0.157119
0.155932
0.154746
0.153559
0.152034
0.150678
0.148983
0.147627
0.146271
0.144576
0.142542
0.141356
0.138983
0.137797
0.136610
0.135085
0.133559
0.132034
0.131186
0.129492
0.128644
0.127627
0.125424
0.124576
0.123220
0.121695
0.120847
0.120000
0.118814
0.117797
0.116102
0.115254
0.114746
0.114237
0.113390
0.112712
0.112373
0.111525
0.110508
0.109322
0.108814
0.108475
0.107966
0.107627
0.106441
0.106102
0.105593
0.105254
0.105085
0.104407
0.102881
0.102203
0.101525
0.101186
0.100508
0.100169
0.099492
0.099153
0.098644
0.098644
0.098475
0.098305
0.097458
0.097119
0.097119
0.096949
0.096949
0.096949
0.096610
0.096610
0.096441
0.096441
0.096271
0.096271
0.096271
0.096271
0.096271
0.096271
0.095932
0.095763
0.095593
0.095593
0.095424
0.095424
0.095085
0.094915
0.094915
0.094746
0.094576
0.094407
0.094407
0.094237
0.093898
0.093898
0.093729
0.093559
0.093220
0.093220
0.093220
0.093051
0.093051
0.092881
0.092881
0.092881
0.092712
0.092373
0.092373
0.092203
0.092203
0.092203
0.092203
0.092203
0.092203
0.092203
0.092203
0.092034
0.092034
0.091864
0.091695
0.091695
0.091525
0.091525
0.091525
0.091525
0.091525
0.091525
0.091525
0.091525
0.091525
0.091356
0.091356
0.091356
0.091356
0.091186
0.091186
0.091186
0.091017
0.091017
0.091017
0.090678
0.090678
0.090678
0.090678
0.090508
0.090508
0.090508
0.090508
0.090508
0.090339
0.090339
0.090339
0.090339
0.090169
0.090169
0.090169
0.090169
0.090169
0.090000
0.090000
0.089831
0.089661
0.089661
0.089492
0.089492
0.089153
0.089153
0.089153
0.089153
0.089153
0.089153
0.089153
0.089153
0.088983
0.088983
0.088983
0.088814
0.088814
0.088814
0.088644
0.088644
0.088644
0.088644
0.088644
0.088644
0.088475
0.088305
0.088305
0.088305
0.088305
0.088305
0.088305
0.088305
0.088305
0.088305
0.088305
0.088305
0.088305
0.088305
0.088305
0.088136
0.088136
0.087966
0.087966
0.087966
0.087966
0.087797
0.087797
0.087627
0.087627
0.087627
0.087627
0.087627
0.087627
0.087627
0.087627
0.087627
0.087627
0.087627
0.087627
0.087627
0.087627
0.087627
0.087627
0.087627
0.087458
0.087458
0.087458
0.087288
0.087119
0.087119
0.087119
0.087119
0.087119
0.087119
0.087119
0.087119
0.087119
0.086949
0.086949
0.086949
0.086949
0.086949
0.086949
0.086949
0.086949
0.086949
0.086780
0.086780
0.086780
0.086780
0.086780
0.086780
0.086780
0.086780
0.086780
0.086780
0.086780
0.086610
0.086610
0.086610
0.086610
0.086610
0.086610
0.086610
0.086610
0.086610
0.086610
0.086610
0.086610
0.086610
0.086610
0.086610
0.086610
0.086610
0.086610
0.086610
0.086610
0.086610
0.086610
0.086610
0.086610
0.086610
0.086441
0.086441
0.086441
0.086441
0.086441
